1.932457331455115224e+00 3.665829896926879883e-01 nan
1.551543438073360592e+00 4.500650465488433838e-01 nan
1.437769420219190186e+00 4.714063405990600586e-01 nan
1.388688705184242922e+00 4.743481278419494629e-01 nan
1.349739479296135247e+00 4.944945275783538818e-01 nan
1.300216635068257576e+00 5.122663378715515137e-01 nan
1.274418823646776611e+00 5.161610245704650879e-01 nan
1.258183652704412347e+00 5.225512981414794922e-01 nan
1.246050440903865963e+00 5.256367921829223633e-01 nan
1.238932056860490238e+00 5.280567407608032227e-01 nan
1.231638839750578862e+00 5.309758782386779785e-01 nan
1.226831804622303457e+00 5.332975387573242188e-01 nan
1.225004831949869866e+00 5.320497751235961914e-01 nan
1.221535816337123048e+00 5.335546731948852539e-01 nan
1.219789877082362306e+00 5.351957082748413086e-01 nan
1.215023802988457025e+00 5.359897613525390625e-01 nan
1.212944236668673348e+00 5.369199514389038086e-01 nan
1.209068879936680663e+00 5.326093435287475586e-01 nan
1.207951151963436276e+00 5.398995876312255859e-01 nan
1.207290418220288819e+00 5.406936407089233398e-01 nan
1.203669215693618399e+00 5.349007844924926758e-01 nan
1.204180330941171384e+00 5.387198328971862793e-01 nan
1.202764940984321296e+00 5.381450653076171875e-01 nan
1.201900305170001459e+00 5.395214557647705078e-01 nan
1.200504425800207997e+00 5.402474403381347656e-01 nan
1.199098077687350106e+00 5.396727323532104492e-01 nan
1.198338591691219479e+00 5.395214557647705078e-01 nan
1.197741490421873056e+00 5.408675670623779297e-01 nan
1.196777950633655996e+00 5.399147272109985352e-01 nan
1.195723399971470702e+00 5.408902764320373535e-01 nan
1.194863102652809816e+00 5.419716835021972656e-01 nan
1.192353064363653070e+00 5.418658256530761719e-01 nan
1.192189032381231195e+00 5.403155088424682617e-01 nan
1.189855669483993905e+00 5.418733954429626465e-01 nan
1.191120241627548593e+00 5.435522794723510742e-01 nan
1.188866785078337651e+00 5.411171317100524902e-01 nan
1.189215642033201181e+00 5.425691604614257812e-01 nan
1.188070022698604733e+00 5.438244938850402832e-01 nan
1.189817302154772216e+00 5.428338050842285156e-01 nan
1.187512011239022947e+00 5.445353984832763672e-01 nan
1.185032031752846438e+00 5.435295701026916504e-01 nan
1.187059117086005866e+00 5.440362691879272461e-01 nan
1.186186739892670650e+00 5.427355170249938965e-01 nan
1.185962644490328621e+00 5.450798869132995605e-01 nan
1.185015649506540036e+00 5.465242862701416016e-01 nan
1.184039636091752445e+00 5.432497859001159668e-01 nan
1.183603846665584713e+00 5.415179729461669922e-01 nan
1.183977137912403554e+00 5.431287288665771484e-01 nan
1.183720194932186276e+00 5.451857447624206543e-01 nan
1.181791381402449215e+00 5.452084541320800781e-01 nan
1.180855313936869377e+00 5.459495782852172852e-01 nan
1.181834134188565422e+00 5.454504489898681641e-01 nan
1.181922338225624758e+00 5.439833402633666992e-01 nan
1.181033105561227536e+00 5.458285808563232422e-01 nan
1.179630496285178465e+00 5.461915731430053711e-01 nan
1.178998166864568597e+00 5.463957190513610840e-01 nan
1.178120869578737295e+00 5.435220003128051758e-01 nan
1.178064440235947030e+00 5.467209219932556152e-01 nan
1.177873185186675054e+00 5.459797978401184082e-01 nan
1.177674358541315192e+00 5.460402965545654297e-01 nan
1.178222118001995611e+00 5.457680821418762207e-01 nan
1.177504366094415778e+00 5.465999245643615723e-01 nan
1.176872235355955087e+00 5.473259091377258301e-01 nan
1.176259784987478518e+00 5.457226634025573730e-01 nan
1.176810257362596923e+00 5.481124520301818848e-01 nan
1.176841071157744389e+00 5.448605418205261230e-01 nan
1.176656914479804694e+00 5.472276210784912109e-01 nan
1.174703731681361329e+00 5.463579297065734863e-01 nan
1.174555532860033447e+00 5.471217632293701172e-01 nan
1.175194978713989258e+00 5.464259982109069824e-01 nan
1.175332506497700935e+00 5.480443835258483887e-01 nan
1.174117297837228513e+00 5.472805500030517578e-01 nan
1.174469048326665765e+00 5.481578111648559570e-01 nan
1.175377220818490720e+00 5.469553470611572266e-01 nan
1.174962914351260990e+00 5.482863783836364746e-01 nan
1.174551761511600345e+00 5.473334789276123047e-01 nan
1.173518050800670176e+00 5.475603342056274414e-01 nan
1.172823884270407957e+00 5.459797978401184082e-01 nan
1.173955100955385245e+00 5.486569404602050781e-01 nan
1.173810413389494878e+00 5.476435422897338867e-01 nan
1.173671812722177243e+00 5.458739399909973145e-01 nan
1.173174673860723383e+00 5.477569699287414551e-01 nan
1.173309951117544436e+00 5.474318265914916992e-01 nan
1.172589114218047124e+00 5.484905242919921875e-01 nan
1.171583825891668207e+00 5.477872490882873535e-01 nan
1.171824621431755364e+00 5.480292439460754395e-01 nan
1.172282291181159675e+00 5.492316484451293945e-01 nan
1.173804825002496832e+00 5.478477478027343750e-01 nan
1.171812985882614511e+00 5.482485294342041016e-01 nan
1.170852245706500483e+00 5.473561882972717285e-01 nan
1.171302210200916738e+00 5.495719909667968750e-01 nan
1.171053171157836914e+00 5.490955710411071777e-01 nan
1.171183112895850087e+00 5.484980940818786621e-01 nan
1.170994845303622078e+00 5.487325191497802734e-01 nan
1.172212358677025890e+00 5.484980940818786621e-01 nan
1.172132802732062995e+00 5.494736433029174805e-01 nan
1.171837091445922852e+00 5.489896535873413086e-01 nan
1.170900933670275146e+00 5.499122738838195801e-01 nan
1.171280897024906009e+00 5.497232079505920410e-01 nan
1.171317685734141856e+00 5.481124520301818848e-01 nan
