1.902549151579538966e+00 3.988019227981567383e-01 3.945125341415405273e-01 nan
1.562432074546813876e+00 5.001767277717590332e-01 4.963366985321044922e-01 nan
1.408431184291839555e+00 5.469728112220764160e-01 5.503139495849609375e-01 nan
1.325832617282867387e+00 5.764370560646057129e-01 5.805920958518981934e-01 nan
1.286659606297810843e+00 6.020815372467041016e-01 6.054874062538146973e-01 nan
1.250101363658905118e+00 6.101080179214477539e-01 6.140848994255065918e-01 nan
1.227140788237253810e+00 6.341707706451416016e-01 6.365879178047180176e-01 nan
1.198736786842346191e+00 6.453271508216857910e-01 6.518390774726867676e-01 nan
1.178368894259134825e+00 6.554065346717834473e-01 6.630532145500183105e-01 nan
1.163879656791686923e+00 6.612119078636169434e-01 6.658193469047546387e-01 nan
1.152012618382771914e+00 6.614138484001159668e-01 6.692583560943603516e-01 nan
1.142013287544250577e+00 6.661927103996276855e-01 6.759120821952819824e-01 nan
1.128941206137339170e+00 6.697769165039062500e-01 6.797248721122741699e-01 nan
1.117976347605387444e+00 6.742949485778808594e-01 6.835376620292663574e-01 nan
1.123251056671142667e+00 6.775678396224975586e-01 6.848086118698120117e-01 nan
1.112185537815093994e+00 6.814380884170532227e-01 6.868271231651306152e-01 nan
1.112242142359415764e+00 6.788298487663269043e-01 6.845095157623291016e-01 nan
1.103012943267822177e+00 6.871256232261657715e-01 6.938546299934387207e-01 nan
1.099049317836761519e+00 6.868143081665039062e-01 6.913875341415405273e-01 nan
1.093131176630655954e+00 6.919802427291870117e-01 6.977422237396240234e-01 nan
1.087755640347798591e+00 6.920728087425231934e-01 6.961722373962402344e-01 nan
1.092872202396392822e+00 6.953035593032836914e-01 6.985645890235900879e-01 nan
1.089404809474945113e+00 6.952699422836303711e-01 7.018540501594543457e-01 nan
1.077103956540425678e+00 6.987447142601013184e-01 7.043211460113525391e-01 nan
1.071042909224828144e+00 6.987279057502746582e-01 7.032744884490966797e-01 nan
1.071260323127110725e+00 6.990307569503784180e-01 7.043958902359008789e-01 nan
1.067281514406204224e+00 7.023373246192932129e-01 7.097786664962768555e-01 nan
1.064987645546595196e+00 7.031450271606445312e-01 7.073863148689270020e-01 nan
1.058047374089558845e+00 7.063757777214050293e-01 7.126943469047546387e-01 nan
1.061532040437062507e+00 7.072676420211791992e-01 7.136662602424621582e-01 nan
1.060699725151061923e+00 7.089840173721313477e-01 7.140400409698486328e-01 nan
1.055683747927347760e+00 7.100693583488464355e-01 7.148624062538146973e-01 nan
1.053071457147598311e+00 7.115417122840881348e-01 7.177033424377441406e-01 nan
1.052194221814473529e+00 7.080080509185791016e-01 7.111991643905639648e-01 nan
1.044901074965794985e+00 7.129972577095031738e-01 7.177033424377441406e-01 nan
1.048441805442174246e+00 7.135778069496154785e-01 7.179276347160339355e-01 nan
1.043906746308008726e+00 7.132076025009155273e-01 7.177033424377441406e-01 nan
1.038267115751902336e+00 7.138806581497192383e-01 7.177033424377441406e-01 nan
1.031299289067586278e+00 7.150669693946838379e-01 7.209928035736083984e-01 nan
1.036942158142725612e+00 7.182809710502624512e-01 7.224132418632507324e-01 nan
1.036826155583063791e+00 7.177593111991882324e-01 7.238336801528930664e-01 nan
1.035296491781870554e+00 7.176415324211120605e-01 7.230113148689270020e-01 nan
1.028675874074300056e+00 7.178855538368225098e-01 7.245065569877624512e-01 nan
1.035885820786158318e+00 7.197954058647155762e-01 7.241327762603759766e-01 nan
1.032370305061340421e+00 7.187352776527404785e-01 7.223384976387023926e-01 nan
1.031834206978480051e+00 7.198542952537536621e-01 7.252541780471801758e-01 nan
1.018000330527623509e+00 7.216295599937438965e-01 7.268241643905639648e-01 nan
1.036121050516764397e+00 7.217136621475219727e-01 7.273474335670471191e-01 nan
1.023834047714869078e+00 7.228242754936218262e-01 7.264503240585327148e-01 nan
1.023452196518580104e+00 7.237161397933959961e-01 7.263755798339843750e-01 nan
1.024279745419820253e+00 7.231944799423217773e-01 7.283193469047546387e-01 nan
1.020431405305862516e+00 7.238928079605102539e-01 7.281698584556579590e-01 nan
1.014316928386688188e+00 7.232028841972351074e-01 7.274222373962402344e-01 nan
1.017835974693298340e+00 7.253146767616271973e-01 7.282446026802062988e-01 nan
1.016876107454300016e+00 7.241704463958740234e-01 7.298893332481384277e-01 nan
1.018243054548899407e+00 7.260298132896423340e-01 7.275717258453369141e-01 nan
1.024801987409591719e+00 7.256175875663757324e-01 7.311602830886840820e-01 nan
1.027479982376098722e+00 7.264925837516784668e-01 7.317583560943603516e-01 nan
1.026917586723963494e+00 7.266945242881774902e-01 7.319826483726501465e-01 nan
1.015228199958801314e+00 7.266692519187927246e-01 7.328797578811645508e-01 nan
1.011055968205134103e+00 7.260466814041137695e-01 7.322069406509399414e-01 nan
1.018302871783574481e+00 7.277041077613830566e-01 7.323564291000366211e-01 nan
1.018605496486028050e+00 7.282678484916687012e-01 7.329545021057128906e-01 nan
1.019940956433614154e+00 7.281752824783325195e-01 7.346740365028381348e-01 nan
1.014450516303380345e+00 7.274853587150573730e-01 7.310854792594909668e-01 nan
1.017355404297510812e+00 7.289661765098571777e-01 7.324311733245849609e-01 nan
1.014537598689397191e+00 7.291344404220581055e-01 7.345992326736450195e-01 nan
1.013706229130427072e+00 7.302029728889465332e-01 7.338516712188720703e-01 nan
1.014019678036371941e+00 7.288988828659057617e-01 7.351225614547729492e-01 nan
1.011613549788793032e+00 7.291681170463562012e-01 7.342254519462585449e-01 nan
1.010165711243947273e+00 7.302281856536865234e-01 7.351973652839660645e-01 nan
1.007126961151758815e+00 7.299253344535827637e-01 7.366178035736083984e-01 nan
1.020085453987121582e+00 7.295887470245361328e-01 7.343750000000000000e-01 nan
1.005364068349202444e+00 7.291596531867980957e-01 7.357206940650939941e-01 nan
1.007973114649454827e+00 7.294373512268066406e-01 7.345244884490966797e-01 nan
1.009251272678375333e+00 7.299589514732360840e-01 7.356458902359008789e-01 nan
1.004182720184326083e+00 7.308255434036254883e-01 7.365430593490600586e-01 nan
1.007853593428929662e+00 7.303207516670227051e-01 7.354215979576110840e-01 nan
1.002328819036483853e+00 7.307666540145874023e-01 7.362439632415771484e-01 nan
1.005762606859207153e+00 7.306656837463378906e-01 7.364682555198669434e-01 nan
1.007408801714579250e+00 7.309938073158264160e-01 7.351973652839660645e-01 nan
1.010552114248275846e+00 7.310947775840759277e-01 7.363935112953186035e-01 nan
1.006442439556121782e+00 7.311873435974121094e-01 7.366925477981567383e-01 nan
1.012627484401067202e+00 7.323736548423767090e-01 7.363187670707702637e-01 nan
1.004832031329472963e+00 7.319782376289367676e-01 7.361692190170288086e-01 nan
1.013809770345687866e+00 7.321465015411376953e-01 7.370663881301879883e-01 nan
1.000907764832178692e+00 7.322642803192138672e-01 7.372158765792846680e-01 nan
1.007122613986333182e+00 7.322810888290405273e-01 7.374401688575744629e-01 nan
1.010674448808034365e+00 7.320791482925415039e-01 7.384868264198303223e-01 nan
1.007457188765207956e+00 7.320791482925415039e-01 7.371411323547363281e-01 nan
1.010694750150044730e+00 7.323904633522033691e-01 7.386363148689270020e-01 nan
9.969639400641123750e-01 7.328953146934509277e-01 7.382625341415405273e-01 nan
1.006877698500951102e+00 7.331813573837280273e-01 7.389353513717651367e-01 nan
9.981275518735249763e-01 7.323568463325500488e-01 7.366925477981567383e-01 nan
9.985189874966938772e-01 7.329626083374023438e-01 7.387111186981201172e-01 nan
1.005990980068842466e+00 7.327522635459899902e-01 7.381129860877990723e-01 nan
1.002111530303955167e+00 7.328111529350280762e-01 7.387858629226684570e-01 nan
9.985536575317383035e-01 7.329037189483642578e-01 7.381129860877990723e-01 nan
1.001972814400990730e+00 7.331645488739013672e-01 7.381129860877990723e-01 nan
1.006920377413431877e+00 7.327606678009033203e-01 7.381877899169921875e-01 nan
